0.0 297.3719261558866
0.006289474781961547 293.3052819620429
0.012578949563923095 309.8052022737819
0.018868424345884642 297.1056676172756
0.02515789912784619 309.79846364752234
0.03144737390980774 299.5400328615957
0.037736848691769284 294.5368366684943
0.04402632347373083 310.2284708964206
0.05031579825569238 292.5568881808086
0.056605273037653926 301.0094023116294
0.06289474781961547 326.26089173597114
0.06918422260157703 295.0361816979065
0.07547369738353857 304.0397848504751
0.08176317216550011 306.50541414825284
0.08805264694746166 305.46756953517416
0.09434212172942322 324.255628480594
0.10063159651138476 324.62436165478664
0.1069210712933463 309.95513080589046
0.11321054607530785 305.2205327561174
0.1195000208572694 300.1083625578866
0.12578949563923095 294.6764316339062
0.1320789704211925 312.2872511253241
0.13836844520315406 295.6176923413758
0.1446579199851156 314.9858629103348
0.15094739476707714 297.11537564077423
0.15723686954903868 321.7657312657173
0.16352634433100022 313.5312237359858
0.16981581911296179 293.07371357767664
0.17610529389492333 293.771740227783
0.18239476867688487 325.8340650623844
0.18868424345884643 295.95631292687403
0.19497371824080797 303.28858665560927
0.20126319302276952 313.082496458827
0.20755266780473106 310.4604649039729
0.2138421425866926 310.14279710689186
0.22013161736865416 323.8326554632312
0.2264210921506157 325.0934201007354
0.23271056693257725 318.1581204616464
0.2390000417145388 339.517927217318
0.24528951649650035 327.89661743594223
0.2515789912784619 343.1534648222419
0.25786846606042346 319.505703291299
0.264157940842385 329.1358478104589
0.27044741562434654 329.2760141995255
0.2767368904063081 306.75969882469997
0.2830263651882696 316.40567894415057
0.2893158399702312 323.34458456089357
0.2956053147521927 328.1689842186008
0.3018947895341543 329.6829079535397
0.30818426431611584 330.6564463119283
0.31447373909807735 325.6303189036393
0.3207632138800389 307.3665908872519
0.32705268866200043 327.3016245593201
0.333342163443962 358.0325779901208
0.33963163822592357 338.5402951120543
0.3459211130078851 333.36529759493925
0.35221058778984665 354.64634702227835
0.3585000625718082 304.34162858965976
0.36478953735376973 325.28257990589196
0.3710790121357313 335.8353230810266
0.37736848691769287 327.947295999101
0.3836579616996544 336.7579134387231
0.38994743648161595 363.7826294317808
0.39623691126357746 341.0333739344337
0.40252638604553903 342.2057508678795
0.4088158608275006 337.3182710700693
0.4151053356094621 331.7639022842988
0.4213948103914237 329.1586004398274
0.4276842851733852 350.86531383541376
0.43397375995534676 343.8770967803852
0.44026323473730833 358.83401778145833
0.44655270951926984 347.00899562815056
0.4528421843012314 331.3864968966285
0.459131659083193 341.56397314265763
0.4654211338651545 342.9289947824169
0.47171060864711606 335.8066349733678
0.4780000834290776 358.77106247831944
0.48428955821103914 340.3326985770795
0.4905790329930007 358.36715477874185
0.4968685077749622 353.9418515076168
0.5031579825569238 358.49971823626885
0.5094474573388853 335.2774539353596
0.5157369321208469 345.8228966599409
0.5220264069028084 343.04801373516113
0.52831588168477 352.84759525778514
0.5346053564667316 354.12759213595496
0.5408948312486931 334.95417210707876
0.5471843060306546 331.7477589001816
0.5534737808126162 369.9582851336556
0.5597632555945777 356.7797379750475
0.5660527303765392 359.4099440129402
0.5723422051585008 351.46110549261755
0.5786316799404624 342.94737098554526
0.5849211547224239 352.01174571613376
0.5912106295043854 349.3744426565678
0.597500104286347 341.20700497064877
0.6037895790683085 352.0510018358779
0.6100790538502701 352.19985568996987
0.6163685286322317 349.3543033130636
0.6226580034141932 357.9448300579777
0.6289474781961547 354.1661244330918
0.6352369529781163 368.99811668877794
0.6415264277600778 359.85623867541057
0.6478159025420394 344.00802129916184
0.6541053773240009 350.0811987354347
0.6603948521059625 366.9665687371434
0.666684326887924 353.97807898624575
0.6729738016698855 371.43482985871043
0.6792632764518471 361.7264249039595
0.6855527512338087 353.39552867867104
0.6918422260157702 379.83502705079337
0.6981317007977318 365.14854413164716
0.7044211755796933 371.6070942766139
0.7107106503616548 383.93958783101687
0.7170001251436164 375.13296810567675
0.723289599925578 353.2544931156057
0.7295790747075395 377.9166788221007
0.7358685494895011 364.88525084358344
0.7421580242714626 386.1734543526927
0.7484474990534241 366.35248749075225
0.7547369738353857 365.06335639566385
0.7610264486173473 389.88795484243184
0.7673159233993088 362.54469507778464
0.7736053981812703 388.390143179202
0.7798948729632319 371.8427844159163
0.7861843477451934 365.3488328328027
0.7924738225271549 383.9200332436381
0.7987632973091165 364.152818746205
0.8050527720910781 357.46970901160466
0.8113422468730396 369.39508280376015
0.8176317216550012 352.54775122740466
0.8239211964369627 384.2289771904977
0.8302106712189242 378.0488138724672
0.8365001460008858 379.4350222242949
0.8427896207828474 378.79996697872355
0.8490790955648089 365.8600728649001
0.8553685703467704 370.3104103574874
0.861658045128732 378.6199653206103
0.8679475199106935 373.92855708799704
0.874236994692655 344.3706746859509
0.8805264694746167 387.00481874156867
0.8868159442565782 379.74531893355754
0.8931054190385397 396.99457717724255
0.8993948938205013 400.0300766788601
0.9056843686024628 387.95799515472453
0.9119738433844243 380.10527512583053
0.918263318166386 383.24733791945124
0.9245527929483475 377.73707919441057
0.930842267730309 370.8484457029178
0.9371317425122706 390.29247535659977
0.9434212172942321 384.67445318403696
0.9497106920761936 382.42184164554664
0.9560001668581553 386.50457460567424
0.9622896416401168 375.96252278520967
0.9685791164220783 379.8921332211612
0.9748685912040398 374.7909526332061
0.9811580659860014 395.73498578679914
0.9874475407679629 370.3965881321913
0.9937370155499244 393.97879976826397
1.000026490331886 371.5953791824894
1.0063159651138476 375.0611572362626
1.012605439895809 390.4765496436741
1.0188949146777706 373.234316701865
1.0251843894597321 371.4759996041517
1.0314738642416938 389.48289956836703
1.0377633390236554 399.7850616513436
1.0440528138056169 365.765543655293
1.0503422885875784 401.98532461813903
1.05663176336954 394.80807209049044
1.0629212381515014 406.9732200065909
1.0692107129334631 382.3276009409638
1.0755001877154247 382.88337316735755
1.0817896624973862 385.8282662910915
1.0880791372793477 380.9641524527889
1.0943686120613092 409.2841087017491
1.1006580868432707 385.83585127698905
1.1069475616252324 395.1426480060096
1.113237036407194 385.46062172240477
1.1195265111891555 372.0929310938008
1.125815985971117 403.6582649731615
1.1321054607530785 381.7978540473628
1.13839493553504 384.87471999502156
1.1446844103170015 394.9541218797496
1.1509738850989633 410.07635109337883
1.1572633598809248 393.16618953449114
1.1635528346628863 392.6958628035577
1.1698423094448478 401.85842538633267
1.1761317842268093 396.59975125157854
1.1824212590087708 408.600435447514
1.1887107337907326 404.37096114918097
1.195000208572694 388.12479273389573
1.2012896833546556 403.885932699162
1.207579158136617 399.3519403830222
1.2138686329185786 411.68813482031067
1.2201581077005401 425.7672502431401
1.2264475824825016 393.2576647365631
1.2327370572644634 398.63794030673654
1.2390265320464249 398.4643194080854
1.2453160068283864 405.1729610988704
1.251605481610348 409.5594486373404
1.2578949563923094 384.0975934076095
1.264184431174271 404.12561783464844
1.2704739059562327 410.14177950280225
1.2767633807381942 389.394546850446
1.2830528555201557 384.9786215977885
1.2893423303021172 385.48245426573965
1.2956318050840787 394.8184165757208
1.3019212798660402 392.9188239403211
1.3082107546480017 397.4386019155332
1.3145002294299635 378.1589338104837
1.320789704211925 420.9770848468857
1.3270791789938865 390.4689990357545
1.333368653775848 414.9503294106644
1.3396581285578095 391.6247103436228
1.345947603339771 405.33108527071016
1.3522370781217328 401.02247062148246
1.3585265529036943 392.5578169689069
1.3648160276856558 394.7201665327459
1.3711055024676173 408.96282205207046
1.3773949772495788 378.8561677901933
1.3836844520315403 423.39985915786775
1.389973926813502 393.72640880566394
1.3962634015954636 409.3893720277169
1.402552876377425 393.0077535409841
1.4088423511593866 405.7994155326473
1.4151318259413481 409.1151927348338
1.4214213007233096 404.4460765258881
1.4277107755052711 408.3455476557725
1.4340002502872329 391.49378219712526
1.4402897250691944 402.0500865550714
1.446579199851156 390.11399947651944
1.4528686746331174 409.86727385315316
1.459158149415079 402.69953237834994
1.4654476241970404 394.6241433027521
1.4717370989790022 410.28990051619724
1.4780265737609637 406.89699154250906
1.4843160485429252 382.9029529122037
1.4906055233248867 405.01579225613426
1.4968949981068482 410.902934871994
1.5031844728888097 405.2168963717925
1.5094739476707715 402.55549579068474
1.515763422452733 387.5015718369108
1.5220528972346945 423.486163428228
1.528342372016656 394.90819684553475
1.5346318467986175 397.8833913094919
1.540921321580579 399.55521035257533
1.5472107963625406 410.52770543240626
1.5535002711445023 396.7517219974945
1.5597897459264638 412.19789203353645
1.5660792207084253 421.08647927007996
1.5723686954903868 412.2217530934822
1.5786581702723483 389.68157103861597
1.5849476450543099 399.19240125885324
1.5912371198362716 405.3032395271377
1.597526594618233 387.0112852744342
1.6038160694001946 394.4205808404875
1.6101055441821561 404.1148726586372
1.6163950189641176 407.87885011360635
1.6226844937460791 396.08049991765404
1.6289739685280407 409.9566682692524
1.6352634433100024 401.066115607125
1.641552918091964 392.4694245241292
1.6478423928739254 398.36569093640594
1.654131867655887 386.0349741141664
1.6604213424378484 398.20866128884586
1.66671081721981 419.1078759416858
1.6730002920017717 394.5966365046976
1.6792897667837332 408.518973860821
1.6855792415656947 396.8334582261745
1.6918687163476562 404.1817717238433
1.6981581911296177 389.5796617573195
1.7044476659115793 388.60658639928107
1.7107371406935408 407.3958576442575
1.7170266154755025 403.5868006424168
1.723316090257464 400.9740642030583
1.7296055650394255 401.62033878411836
1.735895039821387 376.179567161528
1.7421845146033486 399.75019280832186
1.74847398938531 394.8379902322878
1.7547634641672718 421.1183716260946
1.7610529389492333 412.7105339278331
1.7673424137311948 389.27994166557124
1.7736318885131563 414.3618170041261
1.7799213632951179 386.77486685370155
1.7862108380770794 406.9413996151509
1.792500312859041 395.88297958661286
1.7987897876410026 397.9432992290465
1.8050792624229641 385.32735614775333
1.8113687372049256 401.70739077067367
1.8176582119868872 388.60789501367583
1.8239476867688487 405.95123080337567
1.8302371615508102 410.61849742694136
1.836526636332772 382.95011899774886
1.8428161111147334 396.45178443767816
1.849105585896695 386.46595306613085
1.8553950606786564 415.219849845498
1.861684535460618 410.4285961811971
1.8679740102425795 395.7020353741361
1.8742634850245412 410.41886484818053
1.8805529598065027 378.24285667086167
1.8868424345884642 419.9258042803121
1.8931319093704257 383.37248186406947
1.8994213841523873 403.7452999581053
1.9057108589343488 387.16697846213634
1.9120003337163105 394.5998388627181
1.918289808498272 397.23481000834073
1.9245792832802335 388.086618448116
1.930868758062195 388.1938528742531
1.9371582328441566 404.75404854828815
1.943447707626118 397.7391744937487
1.9497371824080796 387.80427491147884
1.9560266571900413 394.311366772738
1.9623161319720028 386.3479035731628
1.9686056067539643 406.76282376539376
1.9748950815359259 410.7576572669681
1.9811845563178874 390.55527072169167
1.9874740310998489 393.00379616661036
1.9937635058818106 404.1216324482203
2.000052980663772 396.99557082894785
2.0063424554457336 397.01871698665894
2.012631930227695 396.3237663831335
2.0189214050096567 377.90459777906676
2.025210879791618 397.88184095501833
2.0315003545735797 398.4142077818393
2.037789829355541 391.08057870268533
2.0440793041375027 402.5742250996215
2.0503687789194642 378.90298572982647
2.056658253701426 400.2830954539687
2.0629477284833877 397.23097286885775
2.069237203265349 394.66680660777087
2.0755266780473107 389.32543796796654
2.0818161528292722 400.28277082417367
2.0881056276112337 380.2828332729222
2.0943951023931953 406.17026946184916
2.1006845771751568 391.09092360626835
2.1069740519571183 387.12110152876676
2.11326352673908 371.19323494917967
2.1195530015210413 385.64930849865056
2.125842476303003 395.5278751854503
2.1321319510849643 375.67320027507134
2.1384214258669263 387.7774383018752
2.144710900648888 382.93944583311185
2.1510003754308493 386.8284361779138
2.157289850212811 372.3762643261737
2.1635793249947723 382.30088933827835
2.169868799776734 382.4820840404046
2.1761582745586954 391.58344413854263
2.182447749340657 370.20047176601395
2.1887372241226184 379.425695478072
2.19502669890458 387.4460576918163
2.2013161736865414 360.96648912238606
2.207605648468503 372.5696872636382
2.213895123250465 377.2639582769245
2.2201845980324264 391.44181866007494
2.226474072814388 384.25672579357064
2.2327635475963494 373.85621500268746
2.239053022378311 404.1944235384355
2.2453424971602725 395.957304188737
2.251631971942234 387.8056118899239
2.2579214467241955 366.0941820124199
2.264210921506157 387.2833547150096
2.2705003962881185 374.05838872818657
2.27678987107008 396.7913976105447
2.2830793458520415 371.5333206660043
2.289368820634003 376.1917801629504
2.295658295415965 372.24490751562416
2.3019477701979265 379.6704165060448
2.308237244979888 390.8499145274987
2.3145267197618495 381.57756500334744
2.320816194543811 376.0082943364558
2.3271056693257726 395.9610963310982
2.333395144107734 371.4521518832794
2.3396846188896956 388.3734487912087
2.345974093671657 377.30141099345644
2.3522635684536186 381.3861653843301
2.35855304323558 380.23012016005686
2.3648425180175416 384.6327740398817
2.371131992799503 389.7982941896976
2.377421467581465 387.7274885692398
2.3837109423634266 363.18118263775887
2.390000417145388 370.6755468225431
2.3962898919273496 368.9628715251532
2.402579366709311 369.818593178702
2.4088688414912727 350.5572800963775
2.415158316273234 385.44440769106365
2.4214477910551957 375.22286497514307
2.427737265837157 382.6358997837748
2.4340267406191187 364.7840659964872
2.4403162154010802 384.41948972501245
2.4466056901830417 367.2048115889647
2.4528951649650033 365.3871481810182
2.459184639746965 389.8346062396552
2.4654741145289267 373.13625507212964
2.4717635893108882 381.4502725512524
2.4780530640928498 394.38250858476397
2.4843425388748113 376.73974376249726
2.490632013656773 379.274057980856
2.4969214884387343 372.21009532562266
2.503210963220696 361.411174163675
2.5095004380026573 361.8578794602203
2.515789912784619 370.981636299538
2.5220793875665803 372.7194344986063
2.528368862348542 366.082408972368
2.5346583371305034 357.5576869115985
2.5409478119124653 361.4873412509349
2.547237286694427 373.82047131088433
2.5535267614763884 347.081357868072
2.55981623625835 360.3099551405903
2.5661057110403114 365.7195841577874
2.572395185822273 357.64315266252254
2.5786846606042344 358.7063600353285
2.584974135386196 354.59247028979536
2.5912636101681574 374.7691207763143
2.597553084950119 343.63395592112977
2.6038425597320805 355.85110914507374
2.610132034514042 339.29409938766133
2.6164215092960035 369.9431843059807
2.6227109840779654 363.34269425940687
2.629000458859927 353.07537567385367
2.6352899336418885 365.3738881446779
2.64157940842385 342.49969634885366
2.6478688832058115 364.4681949390948
2.654158357987773 366.5594856071192
2.6604478327697345 359.6418626902101
2.666737307551696 354.3914771388867
2.6730267823336575 334.34031586208306
2.679316257115619 340.6888095037164
2.6856057318975806 357.01169552625026
2.691895206679542 369.61173882939033
2.698184681461504 355.0954650696537
2.7044741562434655 345.78377306288303
2.710763631025427 342.88866964826656
2.7170531058073886 342.87311827377005
2.72334258058935 346.5681716990802
2.7296320553713116 330.0818237476699
2.735921530153273 364.6756622779617
2.7422110049352346 339.0333290665183
2.748500479717196 359.42944502588665
2.7547899544991576 332.808161895524
2.761079429281119 344.4640024105407
2.7673689040630807 341.346033613073
2.773658378845042 352.83704200033935
2.779947853627004 321.7563150115828
2.7862373284089657 337.3317481404531
2.792526803190927 330.62395940256556
2.7988162779728887 323.16348445415747
2.80510575275485 363.40088519400945
2.8113952275368117 345.3676475817848
2.817684702318773 329.61732698961947
2.8239741771007347 346.2773892382096
2.8302636518826962 343.86142895504344
2.8365531266646578 334.76509553085907
2.8428426014466193 339.7027502982508
2.849132076228581 343.0070514128824
2.8554215510105423 348.5131099664537
2.8617110257925042 344.66310951371463
2.8680005005744658 345.409174234468
2.8742899753564273 347.2578988066246
2.880579450138389 331.4000673596139
2.8868689249203503 328.91041593120053
2.893158399702312 323.9344635249552
2.8994478744842733 332.0491550614367
2.905737349266235 349.89772809502165
2.9120268240481963 322.5470016017945
2.918316298830158 353.75727829345425
2.9246057736121194 324.49333112886825
2.930895248394081 315.2549529970158
2.9371847231760424 331.6356161873179
2.9434741979580044 332.8631303526894
2.949763672739966 301.03404572299337
2.9560531475219274 341.8805886149296
2.962342622303889 322.3074635511731
2.9686320970858504 304.9477745910411
2.974921571867812 338.88982656587723
2.9812110466497734 320.89959689354174
2.987500521431735 327.74100156057176
2.9937899962136965 328.7812294217552
3.000079470995658 314.02414522787484
3.0063689457776195 334.1217885799035
3.012658420559581 303.79261938043237
3.018947895341543 316.90992376392705
3.0252373701235045 324.24523873605096
3.031526844905466 324.21392451442273
3.0378163196874275 327.7121618406549
3.044105794469389 308.62405981102927
3.0503952692513505 294.6425077961488
3.056684744033312 329.8903066208889
3.0629742188152735 330.65148437318123
3.069263693597235 319.79513888590594
3.0755531683791966 311.97904220712223
3.081842643161158 321.30535377339015
3.0881321179431196 310.2844547189882
3.094421592725081 314.73518003776564
3.100711067507043 314.3750869270882
3.1070005422890046 290.656190327568
3.113290017070966 313.5842747751084
3.1195794918529276 326.7166072447782
3.125868966634889 311.6964290284772
3.1321584414168506 311.6394509386846
3.138447916198812 332.58087536931424
3.1447373909807737 307.57859781600143
3.151026865762735 316.6196032244607
3.1573163405446967 313.61729566184596
3.163605815326658 313.0642533883334
3.1698952901086197 297.45048980069026
3.176184764890581 312.4111000038827
3.182474239672543 315.3200708776345
3.1887637144545047 305.8305265884856
3.195053189236466 317.81316954644717
3.2013426640184277 307.2671441325349
3.207632138800389 291.09881467718435
3.2139216135823507 306.4578943266653
3.2202110883643122 300.98611467873
3.2265005631462738 314.31801466015344
3.2327900379282353 325.8692579789416
3.239079512710197 287.493192179306
3.2453689874921583 313.97957105111743
3.25165846227412 291.7763906882559
3.2579479370560813 303.88734884793826
3.2642374118380433 323.8071988643907
3.270526886620005 298.42884844561746
3.2768163614019663 298.12838484187995
3.283105836183928 301.18024574280327
3.2893953109658893 301.1788788546833
3.295684785747851 301.63858509340565
3.3019742605298124 296.44942661909346
3.308263735311774 299.5124158446042
3.3145532100937354 292.36352411730473
3.320842684875697 287.0852002483698
3.3271321596576584 305.72824381074327
3.33342163443962 284.8434825497169
3.3397111092215814 294.1285719558466
3.3460005840035434 284.04610032989757
3.352290058785505 288.5855258704407
3.3585795335674664 287.36163770353096
3.364869008349428 282.68387224246266
3.3711584831313894 289.0410587728526
3.377447957913351 279.4010002472926
3.3837374326953125 293.88886099936104
3.390026907477274 302.59570446377353
3.3963163822592355 270.39516965171356
3.402605857041197 280.86659226799406
3.4088953318231585 300.6212769900608
3.41518480660512 290.6565153615342
3.4214742813870815 291.5199576410812
3.4277637561690435 293.511066547941
3.434053230951005 275.2960890036125
3.4403427057329665 274.2984678127961
3.446632180514928 304.55126938013797
3.4529216552968895 289.9884684156494
3.459211130078851 288.307965262302
3.4655006048608126 276.1114919811981
3.471790079642774 283.34625170463664
3.4780795544247356 269.91886217044123
3.484369029206697 283.25252563699615
3.4906585039886586 283.9511488719334
3.49694797877062 267.960329995576
3.503237453552582 285.91585084166303
3.5095269283345436 274.79589116447727
3.515816403116505 274.5800907044188
3.5221058778984666 267.5114878826903
3.528395352680428 288.0470506728932
3.5346848274623897 263.5306796869507
3.540974302244351 269.9488087285226
3.5472637770263127 264.39382095664723
3.553553251808274 267.5307583113585
3.5598427265902357 288.9598706218145
3.566132201372197 294.6451211737263
3.5724216761541587 280.5866212231347
3.5787111509361202 256.76923975354094
3.585000625718082 277.92072358061813
3.5912901005000437 269.44105817224585
3.5975795752820052 280.68710937428517
3.6038690500639667 267.4281901981121
3.6101585248459283 280.43107495150036
3.6164479996278898 289.2065257694484
3.6227374744098513 277.5227554173186
3.629026949191813 276.6480517333756
3.6353164239737743 263.0214431085064
3.641605898755736 275.5757106652578
3.6478953735376973 276.71096349436885
3.654184848319659 263.1403394142418
3.6604743231016204 274.596531881925
3.6667637978835823 273.44705750421736
3.673053272665544 260.9980155730564
3.6793427474475053 279.38675081602145
3.685632222229467 269.86800051505975
3.6919216970114284 275.04813660896195
3.69821117179339 262.0811307128736
3.7045006465753514 279.024215125806
3.710790121357313 246.62120344493422
3.7170795961392744 268.38751933727696
3.723369070921236 243.0842079838467
3.7296585457031974 241.18928598043053
3.735948020485159 263.05405963256226
3.7422374952671205 261.22182162048296
3.7485269700490824 252.4175698205748
3.754816444831044 248.44338831098057
3.7611059196130054 257.54436034075275
3.767395394394967 263.4588624705398
3.7736848691769285 257.10582055336164
3.77997434395889 267.28595289898095
3.7862638187408515 262.2730718644902
3.792553293522813 272.36341935021636
3.7988427683047745 258.05920278146
3.805132243086736 278.2950324615949
3.8114217178686975 238.48161171835434
3.817711192650659 252.49117628779283
3.824000667432621 242.79814335165213
3.8302901422145825 256.24586488567206
3.836579616996544 264.90785150347045
3.8428690917785056 270.8102817553136
3.849158566560467 255.86032823483885
3.8554480413424286 257.77676486992004
3.86173751612439 247.31397478472837
3.8680269909063516 268.58957002120303
3.874316465688313 266.9259876820319
3.8806059404702746 272.4151849670903
3.886895415252236 255.03258846241124
3.8931848900341977 264.6904548477369
3.899474364816159 256.5958683956677
3.905763839598121 253.23087776773522
3.9120533143800826 252.06359720087377
3.918342789162044 253.76661528876724
3.9246322639440057 240.16075301189
3.930921738725967 265.4378465128079
3.9372112135079287 252.20050732850882
3.94350068828989 262.3127873767046
3.9497901630718517 266.5600727063421
3.9560796378538132 250.19921400143878
3.9623691126357747 239.4723028059097
3.9686585874177362 261.2559834147639
3.9749480621996978 246.53782001034654
3.9812375369816593 258.686290094399
3.9875270117636212 240.65596942263457
3.9938164865455827 259.02245382618787
4.000105961327544 257.84899669146796
4.006395436109505 229.26024530019495
4.012684910891467 228.78226366880727
4.018974385673428 255.53376538183926
4.02526386045539 263.60564806496234
4.031553335237352 226.62512038947932
4.037842810019313 247.53668562905696
4.044132284801275 254.1681083392653
4.050421759583236 248.0341071162054
4.056711234365198 235.71675592567198
4.063000709147159 249.83471899420854
4.069290183929121 240.98447887811983
4.075579658711082 245.0736833532322
4.081869133493044 249.01396037811114
4.088158608275005 240.33678504995453
4.094448083056967 269.0192263826329
4.1007375578389285 249.8093078274367
4.10702703262089 251.02082760724267
4.113316507402852 237.70040615810564
4.119605982184813 249.02497637818334
4.125895456966775 247.91390495401947
4.1321849317487365 266.80751179779423
4.138474406530698 234.52450578499068
4.1447638813126595 235.86486824261223
4.1510533560946214 244.97283166153133
4.1573428308765825 265.18378645025865
4.1636323056585445 251.06422841953832
4.1699217804405055 269.64554210797127
4.1762112552224675 251.2628569407256
4.182500730004429 249.38997921564066
4.1887902047863905 248.62158372463324
4.1950796795683525 231.24757273400712
4.2013691543503136 243.59205732000783
4.2076586291322755 235.0376660415486
4.213948103914237 242.13881330849654
4.2202375786961985 229.51291380746449
4.22652705347816 224.91154110109338
4.232816528260122 248.85321170325903
4.239106003042083 261.5300477941947
4.245395477824045 251.79739889387957
4.251684952606006 243.23537951676445
4.257974427387968 231.43105350336003
4.264263902169929 247.11673825708658
4.270553376951891 250.71496167412832
4.276842851733853 250.5268647088148
4.283132326515814 244.92782961045128
4.289421801297776 245.28403312786978
4.295711276079737 237.1185756276071
4.302000750861699 238.76627589202684
4.30829022564366 246.75554952057897
4.314579700425622 240.20778072849137
4.320869175207583 236.4249548527238
4.327158649989545 226.6074855565338
4.333448124771506 260.8674603404315
4.339737599553468 241.84779421056555
4.346027074335429 240.98254467004685
4.352316549117391 232.07884808166662
4.358606023899353 238.8373809904762
4.364895498681314 246.24175681050397
4.371184973463276 242.36499410723232
4.377474448245237 241.55534329735508
4.383763923027199 232.2112237112338
4.39005339780916 249.85578085671884
4.396342872591122 244.53615038520846
4.402632347373083 245.75533475284948
4.408921822155045 241.14107430176
4.415211296937006 251.6202048951293
4.421500771718968 247.47313806983234
4.42779024650093 248.1122923483483
4.434079721282891 232.21328515775107
4.440369196064853 232.74430888011034
4.446658670846814 244.71198096253994
4.452948145628776 259.9089173372027
4.459237620410737 246.4618189666282
4.465527095192699 243.85331653906357
4.47181656997466 243.02567029982959
4.478106044756622 253.19746251226545
4.484395519538583 247.87918609828125
4.490684994320545 250.6999922257608
4.496974469102506 252.74663769201302
4.503263943884468 255.49007419624724
4.50955341866643 256.74365335775013
4.515842893448391 243.86719799191744
4.522132368230353 268.14185346973625
4.528421843012314 235.98208574704657
4.534711317794276 249.18798618743944
4.541000792576237 255.24910909031956
4.547290267358199 258.9039734818909
4.55357974214016 248.928473515855
4.559869216922122 258.5164861660785
4.566158691704083 245.90370831244923
4.572448166486045 251.63368775708642
4.578737641268006 249.92950235877134
4.585027116049968 254.38335987886762
4.59131659083193 267.2666592264926
4.597606065613891 256.94956916138847
4.603895540395853 233.72301567046566
4.610185015177814 249.60109187902066
4.616474489959776 241.7483895425024
4.622763964741737 250.17106522296814
4.629053439523699 249.31089024989436
4.63534291430566 261.57628377573394
4.641632389087622 254.2584807387467
4.647921863869583 241.85019303230843
4.654211338651545 246.48387295106852
4.660500813433506 260.42401000740233
4.666790288215468 255.94163958885872
4.67307976299743 242.41136347865645
4.679369237779391 247.85960871775103
4.685658712561353 260.30080358026737
4.691948187343314 243.63719355586665
4.698237662125276 248.61190648806027
4.704527136907237 260.4122107764575
4.710816611689199 257.81357777242397
4.71710608647116 255.72356769107205
4.723395561253122 259.1904155465413
4.729685036035083 278.4544101504968
4.735974510817045 260.70689067742796
4.742263985599006 248.43922785250572
4.748553460380968 274.3419026253702
4.75484293516293 267.47609556361436
4.761132409944891 264.7758879418936
4.767421884726853 262.01123179095293
4.773711359508814 256.7699768881593
4.780000834290776 241.73028399282586
4.786290309072737 268.73080477745293
4.792579783854699 250.5724534597709
4.79886925863666 261.334983993156
4.805158733418622 272.5033588336171
4.811448208200583 258.3153358347969
4.817737682982545 278.073707925772
4.824027157764506 269.08768838073036
4.830316632546468 273.88742076206523
4.83660610732843 254.45211552175024
4.842895582110391 259.8639280632638
4.849185056892353 244.22501185057553
4.855474531674314 249.97443390301663
4.861764006456276 260.9749953881014
4.8680534812382374 271.8114360627108
4.874342956020199 276.36207162841345
4.8806324308021605 249.24555020467972
4.886921905584122 270.5793490360741
4.8932113803660835 273.5479197068304
4.8995008551480455 256.7366624297049
4.9057903299300065 269.78034956472004
4.9120798047119685 289.73368544505774
4.91836927949393 267.5581657235737
4.9246587542758915 278.5666832327556
4.9309482290578535 277.4157925124313
4.9372377038398145 275.47963631915815
4.9435271786217765 274.8286532152848
4.9498166534037376 278.87839575992444
4.9561061281856995 279.3335416026788
4.962395602967661 277.8976516060997
4.9686850777496225 275.1210267555302
4.974974552531584 259.9517697387029
4.981264027313546 292.72916495585605
4.987553502095507 276.3110636771207
4.993842976877469 262.57443095245446
5.0001324516594305 275.4678325793406
5.006421926441392 263.9940710567166
5.012711401223354 275.5354492020045
5.019000876005315 264.24347491214775
5.025290350787277 284.80792784948756
5.031579825569238 294.4285095718717
5.0378693003512 290.53581348092524
5.044158775133161 298.9521905696559
5.050448249915123 295.6535391789537
5.056737724697084 287.46200652278645
5.063027199479046 279.4619090764667
5.069316674261007 288.259615452579
5.075606149042969 294.7004047620462
5.081895623824931 283.628621048651
5.088185098606892 288.5107887399154
5.094474573388854 282.7598038780088
5.100764048170815 288.72784605532155
5.107053522952777 298.42660098797734
5.113342997734738 295.5933554447091
5.1196324725167 284.0133378086056
5.125921947298661 292.24045098406634
5.132211422080623 304.6282169736199
5.138500896862584 292.03901814232603
5.144790371644546 296.1322121001504
5.151079846426507 285.4465365454164
5.157369321208469 310.7482799513227
5.163658795990431 320.62793049027607
5.169948270772392 301.21826884766807
5.176237745554354 295.45934805983757
5.182527220336315 308.25456190802925
5.188816695118277 299.4972049425362
5.195106169900238 292.49538067400584
5.2013956446822 311.3938333733583
5.207685119464161 320.42270127011983
5.213974594246123 295.4422645897315
5.220264069028084 291.9283023282147
5.226553543810046 305.18426559754187
5.232843018592007 315.94405679570303
5.239132493373969 306.70455197659294
5.245421968155931 323.7093289632873
5.251711442937892 317.89465922242834
5.258000917719854 309.1109927695764
5.264290392501815 322.89212015422663
5.270579867283777 307.86542741442383
5.276869342065738 325.6287354584522
5.2831588168477 320.54727022525657
5.289448291629661 315.4206433901515
5.295737766411623 312.31495703359684
5.302027241193584 305.68093276389317
5.308316715975546 308.84912350791535
5.314606190757508 313.41375906651314
5.320895665539469 337.7077097581881
5.327185140321431 327.83603846342226
5.333474615103392 326.78304613961706
5.339764089885354 323.05885851402496
5.346053564667315 323.5519434316576
5.352343039449277 311.60660031146864
5.358632514231238 323.4695199790556
5.3649219890132 327.4487606799376
5.371211463795161 323.4162681429535
5.377500938577123 330.61980341261784
5.383790413359084 310.45553721120206
5.390079888141046 341.6179938032839
5.396369362923008 329.36324845323196
5.402658837704969 331.7787364845032
5.408948312486931 317.2751829404888
5.415237787268892 331.5640155498195
5.421527262050854 338.74880166715724
5.427816736832815 334.2435205948977
5.434106211614777 334.3783218976387
5.440395686396738 318.6269369471203
5.4466851611787 348.90073186713835
5.452974635960661 344.46319701553597
5.459264110742623 333.8062438107973
5.465553585524584 343.0986000890083
5.471843060306546 344.29772857868346
5.478132535088508 357.4390893612186
5.484422009870469 354.2239774750862
5.490711484652431 357.5774829125348
5.497000959434392 361.6958520941398
5.503290434216354 353.88641361309976
5.509579908998315 360.5519829058514
5.515869383780277 344.6018836030008
5.522158858562238 343.84249887806664
5.5284483333442 368.18718674844934
5.534737808126161 353.1323505604733
5.541027282908123 349.64303795727506
5.547316757690084 363.87570723907675
5.553606232472046 362.9946124852531
5.559895707254008 351.2097342755994
5.566185182035969 379.2158467256835
5.572474656817931 360.99245716431045
5.578764131599892 375.8241690879675
5.585053606381854 384.39753452859384
5.591343081163815 380.9740182525968
5.597632555945777 373.7405979354417
5.603922030727738 389.1331718929418
5.6102115055097 368.2033181162501
5.6165009802916614 366.2374183751576
5.622790455073623 376.9835589717484
5.6290799298555845 364.5993980678699
5.635369404637546 392.79183590361254
5.641658879419508 368.39156873258065
5.6479483542014695 387.46180019850374
5.654237828983431 395.3803930110187
5.6605273037653925 377.11481201635854
5.666816778547354 379.0288122028002
5.6731062533293155 390.06015013841227
5.6793957281112775 392.0769135156864
5.6856852028932385 371.89411382116964
5.6919746776752005 381.60123249912516
5.698264152457162 422.548723266909
5.7045536272391235 393.7992334538912
5.710843102021085 397.3068508275504
5.7171325768030465 378.6500843750593
5.7234220515850085 410.37523835939106
5.72971152636697 400.5080410763223
5.7360010011489315 409.79645685714894
5.742290475930893 408.0185034247649
5.7485799507128545 405.6072142614261
5.754869425494816 387.2201101722839
5.761158900276778 404.584024660594
5.767448375058739 415.6892859062017
5.773737849840701 400.91515456479397
5.780027324622662 420.1378775320103
5.786316799404624 417.11715810848125
5.792606274186585 421.5938908949598
5.798895748968547 411.23853960209897
5.805185223750509 428.00462817670603
5.81147469853247 420.5533778239628
5.817764173314432 417.3112716659606
5.824053648096393 406.20908138075555
5.830343122878355 422.30386898833353
5.836632597660316 423.24665997378196
5.842922072442278 425.1934830514403
5.849211547224239 428.0288605541203
5.855501022006201 421.56151359535335
5.861790496788162 451.2785891360233
5.868079971570124 469.3385356248782
5.874369446352085 435.47273096580113
5.880658921134047 445.0410055248482
5.886948395916009 456.4499000539721
5.89323787069797 440.40430185417455
5.899527345479932 446.9927514403302
5.905816820261893 423.96261062221004
5.912106295043855 457.5719376661657
5.918395769825816 439.20072704767284
5.924685244607778 451.8105747998732
5.930974719389739 462.9191494050762
5.937264194171701 443.74998284713166
5.943553668953662 471.9878809223881
5.949843143735624 462.91822832067777
5.956132618517585 452.5848451480513
5.962422093299547 462.7022176618168
5.968711568081509 456.1554673107574
5.97500104286347 470.81975303600757
5.981290517645432 464.7064733352705
5.987579992427393 480.0999840528037
5.993869467209355 450.39576269452823
6.000158941991316 475.84140714913775
6.006448416773278 458.12858487330993
6.012737891555239 487.17114669778005
6.019027366337201 496.95297382014024
6.025316841119162 475.6164792604279
6.031606315901124 489.24192562953635
6.037895790683086 495.5050082356278
6.044185265465047 487.16294270843093
6.050474740247009 480.44252062937966
6.05676421502897 469.50263921776536
6.063053689810932 489.1221396739653
6.069343164592893 509.8606189636725
6.075632639374855 507.64274687691216
6.081922114156816 498.559094042738
6.088211588938778 510.49965974323874
6.094501063720739 514.8463733583362
6.100790538502701 511.04936179846493
6.107080013284662 501.4746540502133
6.113369488066624 509.7146906035085
6.119658962848586 506.4745537789555
6.125948437630547 510.6843034488657
6.132237912412509 511.9808741777753
6.13852738719447 518.6414381877682
6.144816861976432 525.5838656400468
6.151106336758393 513.633758974648
6.157395811540355 531.0667549344911
6.163685286322316 521.5009690943185
6.169974761104278 521.7894390111318
6.176264235886239 508.02869873153924
6.182553710668201 517.2963596872114
6.188843185450162 562.1856825617919
6.195132660232124 541.5273920373594
6.201422135014086 531.7224069141322
6.207711609796047 548.0123682468792
6.214001084578009 534.727841734771
6.22029055935997 540.7109940515452
6.226580034141932 550.3156619241984
6.232869508923893 543.1198054178038
6.239158983705855 553.559988332917
6.245448458487816 545.3091752637594
6.251737933269778 569.0014284075764
6.258027408051739 578.576084176173
6.264316882833701 571.7363106971036
6.270606357615662 557.9627683198896
6.276895832397624 569.2652409166116
6.283185307179586 579.7746877717244
